1072
1632	
2580	
955
1557
2602
1009
1583
2542
444
478
1455
449
485
1440
680
1224
2091	 
582
1444
687 
1746
824
1767
888
2028
799
1810
876
1405
2485
843
1373
2475
1201
2398
831
2188
918
2177
643
1921
1148
1689
2493
916
1747
1029
1890
457
1169
756
1632
1110
2387
879
1865
1335
2984
796
1340
2505
600
1132
1814
1090
1761
2594
1117
1724
2531
905
2220
849
1434
2303
1516
2199
1219
2597
891
1880
1264
855
1836
1107
2146
1284
2603
823
2053
804
1380
2078
857
1075
2184
792
1823
840
1646
1100
2955
1007
1657
1493
1517
1627
1152
2250
1182
2243
675
1740
2043
795
1713
965
2044
938
2182
1494
2074
1717
2119
2265
2122
1845
263
2689
2981
920
1077
2816
2140
2643
1692
1120
2234
1105
2130
2165
3113
2978
3114
3240
983
1748
3500
4145
3299